10593548
10593544
10593549
10593552
10592825
10591879
10591868
10591867
10592823
10592824
10649311
10648630
10648985
10649313
10648032
10648745
10649084
10649079
10648857
10648742
10649078
10649080
10648031
10667924
10667950
10667947
10667948
10667922
10667941
10667943
10667942
10667718
10667929
10667953
10667952
10667760
10667759
10667757
10667756
10667928
10670567
10670563
10669362
10669076
10670884
10670435
10670838
10670840
10670844
10670562
10670568
10669077
10668271
10668279
10674292
10673483
10674293
10672772
10672773
10673488
10672774
10672453
10672995
10673144
10673134
10673427
10673620
10672712
10672717
10672750
10672766
10674429
10674428
10672752
10672751
10673250
10672776
10672775
10678096
10676955
10677264
10677687
10678772
10678013
10679466
10677689
10677682
10679467
10679479
10678773
10677496
10677495
10677286
10677711
10675598
10675597
10675602
10679685
10681949
10681912
10679556
10679524
10676591
10679558
10679693
10679694
10679686
10679687
10679537
10679522
10679525
10678012
10678022
10676888
10681915
10680577
10680572
10680571
10680660
10680659
10681641
10683404
10681869
10681870
10681871
10681652
10683388
10682956
10682821
10682794
10682798
10682795
10683207
10683209
10683208
10682034
10682031
10682033
10682035
10682036
10686219
10686867
10684787
10686201
10686865
10686241
10686240
10686866
10686864
10684791
10685499
10686348
10686009
10686276
10686279
10686404
10726066
10724596
10724603
10724256
10726007
10726003
10725061
10724474
10724257
10726005
10726004
10726008
10726020
10723823
10724260
10724272
10726519
10725905
10726541
10726544
10726393
10724115
10724116
10723338
10724279
10725909
10728879
10729047
10729049
10729048
10727502
10727501
10727503
10729718
10728199
10729360
10729362
10730394
10730058
10730056
10730068
10730069
10729052
10730442
10730576
10730395
10729045
10727513
10727512
10730708
10730709
10730746
10730743
10730661
10730662
10730559
10730565
10730567
10730806
10730747
10730663
10730564
10730707
10730734
10730731
10728105
10728109
10730732
10730579
10730572
10730573
10730578
10728877
10728188
10730575
10728106
10728108
10723125
10723126
10723215
10723124
10723123
10723227
10723228
10723266
10723265
10723244
10723242
10723243
10723089
10723091
10723094
10742576
10740777
10741846
10742224
10742577
10742575
10740804
10742655
10742658
10743017
10743018
10740753
10740754
10740776
10741845
10741844
10740965
10740500
10742077
10740514
10740517
10744615
10742083
10742084
10740520
10740522
10742069
10740513
10740518
10740515
10740519
10740521
10740622
10741449
10744692
10744690
10744430
10744418
10744630
10744633
10744653
10744619
10744618
10744617
10744693
10744691
10744416
10744417
10740634
10742027
10740397
10741448
10741951
10741945
10741948
10740635
10742191
10741531
10741532
10740396
10740394
10741447
10741450
10741451
10746204
10746776
10746777
10746779
10746858
10746850
10747795
10747709
10747477
10748045
10747483
10745256
10745163
10745162
10746967
10746920
10746919
10747102
10746191
10746189
10746368
10746369
10746033
10745161
10746924
10746922
10746190
10748016
10749478
10748052
10746918
10747315
10747311
10746031
10747997
10747996
10747990
10747048
10745657
10751502
10751503
10751907
10751307
10751306
10751315
10749354
10751311
10751310
10749319
10751313
10751314
10750212
10749479
10750403
10749621
10749620
10750105
10750171
10750589
10750707
10750709
10750588
10751010
10750447
10750703
10750172
10751501
10751498
10751494
10751913
10751787
10751786
10751700
10749031
10751908
10751912
10749030
10749000
10749012
10751990
10749011
10749020
10749021
10749022
10749901
10749893
10750666
10750338
10750668
10749160
10749178
10749175
10749166
10749179
10750872
10749080
10755794
10755164
10755111
10754975
10754980
10754979
10755793
10755166
10755112
10755792
10755421
10755165
10754359
10755280
10755281
10755239
10754976
10754978
10754145
10754146
10754072
10755456
10753307
10755457
10753309
10753308
10754073
10754074
10753573
10753591
10753592
10763243
10763151
10762767
10762989
10762769
10761955
10765488
10761893
10765379
10762971
10765373
10762426
10762396
10762401
10761961
10761952
10761981
10765487
10765486
10765462
10765461
10765378
10765385
10765383
10760966
10760987
10761025
10761024
10765374
10765370
10765365
10765367
10765426
10762411
10762432
10762433
10763242
10762900
10763244
10762907
10760972
10760969
10767321
10768817
10768819
10766740
10767322
10767209
10767319
10767160
10767936
10766820
10766161
10766162
10768010
10768011
10768009
10766113
10766115
10766114
10767089
10767090
10766846
10768704
10768705
10768708
10766511
10766160
10766053
10766157
10766158
10771231
10771544
10771543
10771542
10772698
10772713
10772710
10771230
10772707
10772699
10771203
10772810
10772347
10771232
10773251
10773095
10772692
10771795
10772704
10772705
10772624
10772622
10771538
10772113
10772697
10771630
10771631
10771635
10773076
10773075
10773099
10772879
10771633
10773074
10773250
10772077
10773662
10773661
10772449
10772451
10772450
10772466
10772467
10772469
10770818
10770819
10775940
10775942
10776533
10776532
10776505
10776502
10776534
10776504
10776562
10776564
10776521
10776198
10776195
10776197
10776563
10775643
10775642
10775630
10776298
10776300
10776243
10776242
10775151
10777830
10777832
10775024
10779756
10777844
10777847
10777845
10777849
10777816
10777817
10777814
10777851
10777828
10777829
10777833
10777622
10775021
10777359
10777356
10775150
10775683
10776698
10776704
10776700
10775103
10775026
10775032
10774760
10774709
10774755
10774759
10779755
10780467
10780466
10780464
10779763
10779863
10779004
10779373
10779005
10780085
10780084
10780089
10780088
10779603
10778787
10779117
10779049
10779050
10779398
10779003
10779955
10779372
10780211
10778487
10778489
10779954
10780279
10780529
10780524
10780530
10780547
10780548
10780205
10780210
10780206
10778486
10778380
10778379
10778652
10778653
10780283
10780277
10780282
10778907
10778913
10778914
10778906
10792044
10792083
10791981
10791979
10791172
10791253
10791947
10791949
10791383
10791171
10791948
10791382
10793744
10793586
10793680
10793585
10793953
10793965
10792168
10792169
10791822
10793745
10791643
10791645
10791640
10791639
10791653
10791818
10791817
10793584
10791931
10793082
10793083
10793092
10794103
10794098
10791707
10791708
10791703
10791710
10791301
10794096
10794102
10794115
10793681
10793689
10793946
10793952
10793949
10793964
10794116
10794120
10794118
10795345
10795470
10795468
10795483
10795484
10795485
10795451
10795455
10795452
10795454
10795300
10795299
10795295
10795296
10795341
10795291
10795293
10796543
10796327
10797592
10798634
10797593
10797726
10797724
10797725
10796648
10796548
10796356
10796935
10796936
10796549
10796550
10796328
10796947
10796422
10796934
10797500
10797191
10799168
10799171
10799170
10799160
10799169
10798687
10798690
10798688
10796131
10796132
10796136
10797685
10796893
10796903
10796895
10796427
10797644
10796914
10797190
10798624
10797648
10797650
10800767
10800219
10799989
10800636
10800638
10801749
10801752
10801751
10801748
10802032
10802033
10800221
10800732
10801198
10800699
10800491
10800493
10800495
10801302
10801301
10800768
10802025
10800637
10799990
10802103
10802104
10801594
10801593
10801595
10801199
10801201
10801196
10800734
10800735
10800739
10800700
10803265
10801128
10801124
10801123
10801117
10801120
10801129
10802213
10802215
10800986
10800993
10800990
10800994
10800995
10801537
10801536
10801555
10801102
10801901
10803257
10803258
10803263
10803264
10803262
10803181
10803182
10803242
10803241
10803046
10803043
10805617
10805526
10805448
10804592
10804593
10804673
10806583
10806586
10806590
10805515
10804780
10804782
10804790
10805473
10804142
10804143
10804533
10804534
10804013
10804015