10593548
10593552
10591867
10592824
10648745
10649084
10648857
10667929
10667952
10667759
10667928
10670567
10669362
10669076
10670838
10670840
10670844
10670562
10670568
10668271
10668279
10674292
10673483
10672774
10672453
10672750
10672766
10674429
10672752
10672751
10677687
10675602
10679524
10676591
10679558
10679537
10676888
10680571
10680660
10682798
10683208
10682031
10682033
10682035
10682036
10686867
10684787
10686201
10686866
10684791
10685499
10686348
10686276
10686404
10726007
10726003
10724257
10723823
10724260
10726541
10726544
10726393
10724115
10728879
10729048
10727502
10729718
10728199
10729362
10729045
10730708
10730709
10730743
10730559
10730567
10730734
10728877
10728188
10728108
10723123
10723265
10742576
10741846
10742658
10743018
10740776
10741844
10740500
10740522
10740518
10740521
10740622
10744418
10744633
10744619
10744416
10744417
10740634
10742027
10741448
10741951
10740635
10741532
10740394
10741451
10746204
10746779
10747709
10746967
10746919
10746191
10746368
10748016
10749478
10746031
10747997
10751502
10751503
10751313
10750212
10749621
10750105
10751498
10751912
10749030
10749020
10749021
10749901
10750338
10749160
10749178
10755164
10754975
10754980
10754979
10755166
10755421
10754359
10754976
10754978
10754145
10754146
10753307
10755457
10753308
10754073
10754074
10753573
10762767
10762989
10761955
10765488
10761893
10765379
10762971
10765373
10762426
10762396
10765378
10765383
10760966
10761024
10765374
10765367
10765426
10762433
10763242
10762900
10760972
10760969
10767322
10767209
10767319
10766162
10768009
10766115
10766114
10767090
10768705
10766157
10766158
10771231
10772713
10772699
10771203
10771232
10772692
10771795
10772705
10771538
10771630
10771631
10771635
10773076
10772879
10771633
10773661
10772450
10772467
10772469
10775940
10776533
10776505
10776504
10776521
10776195
10776197
10776298
10776243
10776242
10779756
10777847
10777816
10777814
10775021
10775150
10775683
10776704
10775103
10775026
10775032
10779755
10780467
10780464
10779763
10779863
10779005
10780089
10779603
10779049
10779003
10780211
10778487
10778489
10779954
10780530
10780547
10778652
10778653
10780277
10780282
10778913
10778914
10792044
10791949
10791948
10791382
10793953
10792168
10791640
10791817
10791710
10791301
10794102
10793964
10794116
10794120
10794118
10795345
10795483
10795452
10795300
10795299
10795295
10795341
10796543
10798634
10796648
10796549
10796550
10796947
10796934
10797191
10799168
10799171
10798687
10798688
10796132
10796136
10796895
10796427
10796914
10798624
10797648
10800767
10799989
10802032
10802033
10800699
10800495
10800768
10802025
10802103
10801199
10801196
10800700
10801124
10802213
10802215
10800990
10800994
10801536
10801555
10801901
10803241
10804592
10804593
10804673
10806590
10804780
10804142
10804533
10804534
10804013